0 20000 21000 13000 25000 15000 17000 7000
26000 0 40000 26000 45000 30000 22000 20000
28000 40000 0 41000 50000 12000 15000 24000
13000 26000 41000 0 18000 28000 30000 20000
25000 45000 50000 18000 0 35000 42000 32000
15000 30000 12000 28000 35000 0 14000 12000
17000 22000 15000 30000 42000 14000 0 11000
7000 20000 24000 20000 32000 12000 11000 0